0 23 0 0
1 23 5 0
1 5 0 0 0
-2142240768 0 536870912 307232768 327680 33554432 0 z
blah 1
cMoves=1
1 23 5 0
2 23 11 0
2 11 0 1 5
1632633088 0 536870912 307232768 327680 33554432 0 z
blah 2
cMoves=2
1 23 5 0
2 23 11 0
2 11 0 2 11
alsdf 12 
1 1
1900019713 0 536870912 307232768 327680 33554432 0 x
-2142240768 0 536870912 307232768 327680 33554432 0 y
1900019713 0 536870912 307232768 327680 33554432 0 z
blah 2
cMoves=2
0 23 0 0
1 23 6 0
2 23 11 0
2 11 0 2 11
alsdf 12 
alsdf 7 2 
2 1
1632633088 0 536870912 307232768 327680 33554432 0 x
-2142240768 0 536870912 307232768 327680 33554432 0 y
2 2
1632633088 0 536870912 307232768 327680 33554432 0 x
1632633088 0 536870912 307232768 327680 33554432 0 y
2 23 11 0
2 11 0 2 11
alsdf 12 
alsdf 7 2 
2 1
1900019713 0 536870912 307232768 327680 33554432 0 x
-2142240768 0 536870912 307232768 327680 33554432 0 y
2 2
1900019713 0 536870912 307232768 327680 33554432 0 x
1632633088 0 536870912 307232768 327680 33554432 0 y
1900019713 0 536870912 307232768 327680 33554432 0 z
blah 2
cMoves=2
5-6: 13/8 → 1
5-6: 8/3 13/7 → 1
5-6: 6/1 13/7 → 1
5-6: 13/7 6/1 → 1
Nodes → 4
